H-H2O           1                                                  
                1001            1.0                                
H-ZrH           1                                                  
                1107            1.0                                
D-D2O           1                                                  
                1002            1.0                                
He-3            1                                                  
                2003            1.0                                
He-4            1                                                  
                2004            1.0                                
Li-6            1                                                  
                3006            1.0                                
Li-7            1                                                  
                3007            1.0                                
Be-nat          1                                                  
                4000            1.0                                
B-10b           1                                                  
                5010            1.0                                
B-10            1                                                  
                5910            1.0                                
B-11b           1                                                  
                5011            1.0                                
B-nat-s         1                                                  
                5000            1.0                                
C-nat           1                                                  
                6000            1.0                                
N-nat           1                                                  
                7000            1.0                                
O-nat           1                                                  
                8000            1.0                                
F-nat           1                                                  
                9000            1.0                                
Na-nat          1                                                  
                11000           1.0                                
Mg-nat          1                                                  
                12000           1.0
Al-nat          1               
                13000           1.0  
Si-nat          1               
                14000           1.0    
P-nat           1               
                15000           1.0
S-nat           1               
                16000           1.0
Cl-nat          1               
                17000           1.0
Ca-nat          1               
                20000           1.0
Ti-nat          1               
                22000           1.0
Vi-nat          1               
                23000           1.0
Cr-nat          1               
                24000           1.0
Mn-nat          1               
                25000           1.0
Fe-nat          1               
                26000           1.0
Ni-nat          1               
                28000           1.0
Co-59           1               
                27059           1.0
Cu-nat          1               
                29000           1.0
Zr-nat          1               
                40000           1.0
Nb-93           1               
                41093           1.0
Mo-nat          1               
                42000           1.0
Ag-nat          1               
                47000           1.0
Cd-nat          1               
                48000           1.0
In-nat          1               
                49000           1.0
Sn-nat          1               
                50000           1.0
Sb-121          1               
                51121           1.0
Sb-123          1               
                51123           1.0
Eu-nat          1               
                63000           1.0
Gd-152          1               
                64152           1.0
Gd-154          1               
                64154           1.0
Gd-155          1               
                64155           1.0
Gd-156          1               
                64156           1.0
Gd-157          1               
                64157           1.0
Gd-158          1               
                64158           1.0
Gd-160          1               
                64160           1.0
Dy-160          1               
                66160           1.0
Dy-161          1               
                66161           1.0
Dy-162          1               
                66162           1.0
Dy-163          1               
                66163           1.0
Dy-164          1               
                66164           1.0
Ho-165          1               
                67165           1.0
Er-162          1               
                68162           1.0
Er-164          1               
                68164           1.0
Er-166          1               
                68166           1.0
Er-167          1               
                68167           1.0
Er-168          1               
                68168           1.0
Er-170          1               
                68170           1.0
Hf-174          1               
                72176           1.0
Hf-174          1               
                72176           1.0
Hf-177          1               
                72177           1.0
Hf-178          1               
                72178           1.0
Hf-179          1               
                72179           1.0
Hf-180          1               
                72180           1.0
Hf-nat-s         1              
                72000           1.0
Ta-nat          1               
                73000           1.0
W-nat           1               
                74000           1.0
W-182           1
                74182           1.0
W-183           1
                74183           1.0
W-184           1
                74184           1.0
W-186           1
                74186           1.0
Re-187          1
                75187           1.0
Pb-nat          1               
                82000           1.0
Kr-83           1               
                36083           1.0
Mo-95           1               
                42095           1.0
Tc-99           1               
                43099           1.0
Ru-101          1               
                44101           1.0
Ru-103          1               
                44103           1.0
Ru-106          1               
                44106           1.0
Rh-103          1               
                45103           1.0
Rh-105          1               
                45105           1.0
Pd-105          1               
                46105           1.0
Pd-107          1               
                46107           1.0
Pd-108          1               
                46108           1.0
Ag-109          1               
                47109           1.0
Cd-113          1               
                48113           1.0
In-115          1               
                49115           1.0
Sb-125          1               
                51125           1.0
Te-127m         1               
                52927           1.0
I-127           1               
                53127           1.0
Xe-131          1               
                54131           1.0
Cs-133          1               
                55133           1.0
Cs-134          1               
                55134           1.0
Cs-137          1               
                55137           1.0
I-135           1               
                53135           1.0
Xe-134          1               
                54134           1.0
Xe-135          1               
                54135           1.0
Cs-135          1               
                55135           1.0
Xe-136          1               
                54136           1.0
Nd-143          1               
                60143           1.0
Nd-145          1               
                60145           1.0
Pm-147a         1               
                61147           1.0
Pm-147b         1               
                61947           1.0
Sm-147          1               
                62147           1.0
Pm-148m         1               
                61948           1.0
Pm-148          1               
                61148           1.0
Sm-148          1               
                62148           1.0
Pm-149          1               
                61149           1.0
Sm-149          1               
                62149           1.0
Sm-150          1               
                62150           1.0
Sm-151          1               
                62151           1.0
Sm-152          1               
                62152           1.0
Eu-151          1               
                63151           1.0
Eu-152          1               
                63152           1.0
Eu-153          1               
                63153           1.0
Eu-154          1               
                63154           1.0
Eu-155          1               
                63155           1.0
FP4902          1               
                4902            1.0
Th-232          1               
                90232           1.0
U-232f          1               
                4232            1.0
U-232           1               
                92232           1.0
U-233           1               
                92233           1.0
Pa-231          1               
                91231           1.0
Pa-233          1               
                91233           1.0
U-234           1               
                92234           1.0
U-235           1               
                92235           1.0
U-236           1               
                92236           1.0
U-237f          1               
                4927            1.0
U-237           1               
                92237           1.0
U-238           1               
                92238           1.0
Np-237          1               
                93237           1.0
Np-239          1               
                93239           1.0
Pu-238          1               
                94238           1.0
Pu-239          1               
                94239           1.0
Pu-240          1               
                94240           1.0
Pu-241          1               
                94241           1.0
Pu-242h         1               
                242             1.0
Pu-242l         1               
                94242           1.0
Am-241          1               
                95241           1.0
Am-242          1               
                95242           1.0
Am-242m         1               
                95942           1.0
Am-243          1               
                95243           1.0
Cm-242          1               
                96242           1.0
Cm-243          1               
                96243           1.0
Cm-244          1               
                96244           1.0
B-nat           2               
                5010            0.1990
                5011            0.8010 
Gd-nat          7               
                64152           0.0020 
                64154           0.0218 
                64155           0.1480
                64156           0.2047
                64157           0.1565
                64158           0.2484
                64160           0.2186
Er-nat          6               
                68162           0.00140
                68164           0.01610
                68166           0.33600
                68167           0.22950
                68168           0.26800
                68170           0.14900   
Hf-nat          6               
                72174           0.00162
                72176           0.05206
                72177           0.18606
                72178           0.27297
                72179           0.13629
                72180           0.35100        
U-nat           3               
                92234           0.00005
                92235           0.00720
                92238           0.99275