1001           3001            1.00783            0               0
 1107           5001            1.00783            0               0
 1002           3002            2.0141             0               0
 1003           3003            3.0155             0               1
 2003              3            3.01493            0               0
 2004              4            4.03617            0               0
 3006              6            6.01507            0               1
 3007              7            7.01601            0               0
 4000              9            9.0122             0               0
 5010             10            10.0129            0               1
 5910           1010            10.0129            0               0
 5011             11            11.0093            0               1
 5000           1011            10.811		         0               0
 6000           2012            12.0011            0               0
 7000             14            14.0067            0               0
 8000           6016            15.9905            0               0
 9000             19            18.9982            0               0
11000             23            22.9895            0               0
12000             24            24.3051            0               0
13000             27            26.9815            0               0
14000             29            28.0859            0               0
15000             31            30.9741            0               0
16000             32            32.0637            0               0
17000             35            35.4526            0               0
20000             40            40.0803            0               0
22000             48            47.8789            0               0
23000             51            50.9416            0               0
24000             52            51.9959            0               0
25000             55            54.9381            0               0
26000           2056            55.8464            0               0
28000             58            58.6936            0               0
27059           1059            58.9332            0               0
29000           3063            63.5456            0               0
40000				   91            91.2196            0               0
41093             93            92.9032            0               0
42000             96            95.9402            0               0
47000           3109            107.868            0               0
48000           2113            112.411            0               0
49000           2115            114.82             0               0
50000            118            117.241            0               0
51121            121            120.904            1               0
51123            123            122.904            1               0
63000            152            151.965            0               0
64152              64152            151.9198           0               0
64154           2154            153.921            1               1
64155           2155            154.923            1               1
64156           2156            155.923            1               1
64157           2157            156.924            1               1
64158           2158            157.924            1               1
64160              64160            159.92706          0               0                
66160            160            159.925            0               1
66161            161            160.927            0               1
66162            162            161.927            0               1
66163            163            162.929            0               1
66164            164            163.928            0               1
67165            165            164.93             0               1
68162              68162            161.9288           0               0
68164              68164            163.9292           0               0
68166           2166            165.93             1               1
68167           2167            166.932            1               1
68168              68168            167.93238          0               0
68170              68170            169.93548          0               0
72174              72174            173.941            0               0
72176           2176            175.941            1               1
72177           2177            176.943            1               1
72178           2178            177.944            1               1
72179           2179            178.946            1               1
72180           2180            179.947            1               1
72000            178            178.487            0               0
73000            181            180.955            0               0
74000            183            183.856            0               0
74182           4182            181.948019         0               0
74183           4183            182.950632         0               0
74184           4184            183.951227         0               0
74186           4186            185.954436         0               0
75187           5187            186.955737         0               0
82000            207            207.262            0               0
36083           4083            82.9141            0               1
42095           4095            94.9059            0               1
43099           4099            99.0005            1               1
44101           4101            100.906            0               1
44103           5103            102.906            0               1
44106           4106            105.908            0               1
45103           4103            102.905            0               1
45105           4105            104.906            0               1
46105           5105            104.905            0               1
46107           4107            106.905            0               1
46108           4108            107.904            0               1
47109           4109            108.905            1               1
48113           4113            112.9              0               1
49115           4115            114.82             0               1
51125           4125            124.905            0               1
52927           5127            126.905            0               1
53127           4127            126.905            0               1
54131           4131            130.906            0               1
55133           4133            132.906            1               1
55134           4134            133.907            0               1
55137           4137            136.907            0               1
53135           6135            134.91             0               1
54134           5134            133.905            0               1
54135           4135            134.907            0               1
55135           5135            134.906            0               1
54136           4136            135.908            0               1
60143           4143            142.91             0               1
60145           4145            144.913            0               1
61147           4147            146.915            0               1
61947           5147            146.915            0               1
62147           6147            146.915            0               1
61948           4148            147.918            0               1
61148           5148            147.918            0               1
62148           6148            147.915            0               1
61149           5149            148.918            0               1
62149           4149            148.917            0               1
62150           4150            149.917            0               1
62151           4151            150.92             0               1
62152           4152            151.92             0               1
63151           5151            150.92             0               1
63152           5152            151.925            0               1
63153           4153            152.922            0               1
63154           4154            153.922            0               1
63155           4155            154.923            0               1
 4902           4902            114.675            0               1
90232           2232            232.033            2               1
 4232           4232            232.033            0               1
92232            232            232.033            4               1
92233           9233            233.045            3               1
91231           1231            231.035            0               1
91233           1233            233.04             4               1
92234            234            234.041            2               1
92235           2235            235.044            3               1
92236            236            236.046            2               1
 4927           4927            237.049            0               1
92237            927            237.048            4               1
92238           8238            238.051            2               1
93237            937            237.048            4               1
93239           1939            239.053            4               1
94238            948            238.05             4               1
94239           6239            239.052            3               1
94240           1240            240.054            2               1
94241           1241            241.049            3               1
  242            242            242.058            2               1
94242           1242            242.058            2               1
95241            951            241.057            4               1
95242           1952            242.059            0               1
95942            952            242.059            4               1
95243            953            243.061            4               1
96242            962            242.058            4               1
96243            963            243.061            4               1
96244            964            244.063            4               1